381.005600000000	0.0892676785588265	0.714226870169650
388.409200000000	0.103104939063390	0.751116139594460
395.815800000000	0.116255578895410	0.795852472513765
403.225400000000	0.124012410640717	0.823219118855016
410.638000000000	0.136163314183553	0.849079564310116
418.053600000000	0.145198484261831	0.870627978415293
425.472100000000	0.154135798414548	0.891798974004800
432.892700000000	0.160460919141769	0.913002551297895
440.317300000000	0.166666741172473	0.928958985809168
447.742800000000	0.170886079470317	0.938479789609785
455.170300000000	0.174958581725756	0.943403926974823
462.598900000000	0.176327725251516	0.947598531880344
470.030400000000	0.177454863985380	0.943870324965264
477.462900000000	0.178217411041260	0.946709564079415
484.897400000000	0.181146606802940	0.956209859599601
492.332900000000	0.183799415826797	0.965968327908113
499.771400000000	0.186191633343697	0.966314818613778
507.209900000000	0.187158207098643	0.980267395659736
514.650400000000	0.188717772563299	0.966270659655108
522.090900000000	0.189309770862261	0.963213768145418
529.533300000000	0.190161228179932	0.996682454861610
536.976800000000	0.189744427800179	0.998497437679731
544.421300000000	0.188026373585065	1
551.866700000000	0.186536932984988	0.994791558328023
559.314200000000	0.185631141066551	0.986284095125786
566.761600000000	0.181459312637647	0.974555839559773
574.209000000000	0.174882302681605	0.953638385856558
581.658500000000	0.167738134662310	0.929224104950543
589.108000000000	0.151317864656448	0.908211717755657
596.558300000000	0.137917652726173	0.861904682100459
604.009800000000	0.127348999182383	0.805573562827298
611.462200000000	0.122255270679792	0.780538244880819
618.914600000000	0.118433006107807	0.763081894279011
626.368000000000	0.113636461397012	0.737165547220801
633.821500000000	0.109974235296249	0.723874858386809
641.275900000000	0.107651998599370	0.714527713412420
648.730300000000	0.100687580804030	0.700175555676779
656.185700000000	0.0966974397500356	0.678102361137677
663.641100000000	0.0935528973738353	0.653051165812800
671.097500000000	0.0913700337211291	0.638927245391629
678.553900000000	0.0890093644460042	0.620674875808263
686.010300000000	0.0840930243333181	0.589493689306891
693.467700000000	0.0760952929655711	0.566450486181287
700.925100000000	0.0693541442354520	0.539756693366458
708.383500000000	0.0629938940207164	0.482926462087782
715.840900000000	0.0522781237959862	0.440622758545216
723.299300000000	0.0420357435941696	0.381694877496127
730.758700000000	0.0369400990506013	0.308666395925390
738.217100000000	0.0362029112875462	0.254598729254351
745.676500000000	0.0359280308087667	0.221541812423550
753.135900000000	0.0352130029350519	0.211691718410533
760.596300000000	0.0385689698159695	0.190511014465693
768.055700000000	0.0355990566313267	0.191805086960873
775.516100000000	0.0352528734753529	0.201026784106982
782.977500000000	0.0348321733375390	0.201284030714901
790.437900000000	0.0349544088045756	0.204768222170727
797.899400000000	0.0350262131541967	0.207712632377828
805.361800000000	0.0354447023322185	0.209058438664289
812.823200000000	0.0337501944353183	0.210692303596122
820.284600000000	0.0319608586529891	0.203228860718233
827.746000000000	0.0314009661475817	0.184555079049886
835.207400000000	0.0305954292416573	0.167135444885623
842.669900000000	0.0304397884756327	0.153714611165575
850.131300000000	0.0307151228189468	0.148006792865109
857.593700000000	0.0302692676583926	0.141444358133435
865.055100000000	0.0299958990265926	0.135729014617166
872.517600000000	0.0295098361869653	0.129907011503721
879.980000000000	0.0289380711813768	0.123698774621809
887.441500000000	0.0283849245558182	0.119805591821812
894.903900000000	0.0271792809168498	0.119331222064301
902.366400000000	0.0264439477274815	0.117164770320829
909.828900000000	0.0258751486738523	0.114557324392354
917.291300000000	0.0256673861294985	0.112021144738375
924.753800000000	0.0252124778926373	0.102894314928194
932.216200000000	0.0260505278905233	0.110757669274483
939.678800000000	0.0253009529163440	0.110155833938519
947.140300000000	0.0246007697035869	0.102475416761460
954.602700000000	0.0250985957682133	0.0970487107533182
962.064300000000	0.0243263114243746	0.0963375365125745
969.526800000000	0.0240409846107165	0.0819151494937127
976.988300000000	0.0238427488754193	0.0792119348573062
984.449800000000	0.0241939195742210	0.0783464093440238
991.911400000000	0.0244441137959560	0.0706437439904846
999.372900000000	0.0248699666311344	0.0709846230352218
1006.83400000000	0.0245042629539967	0.0708514515239085
1014.29500000000	0.0249782111495733	0.0701289381887589
1021.75700000000	0.0247838733096917	0.0697525186248140
1029.21700000000	0.0252761909117301	0.0708215210117347
1036.67800000000	0.0258199529101451	0.0703592263312732
1044.13800000000	0.0259421306351821	0.0720234269792082
1051.59900000000	0.0265840161591768	0.0736546341040534
1059.06000000000	0.0270942027370135	0.0738822991713449
1066.52000000000	0.0276120025664568	0.0753917731128978
1073.98000000000	0.0275027658790350	0.0765043886736055
1081.44000000000	0.0273864542444547	0.0761711241549251
1088.90000000000	0.0270001571625471	0.0745391463156701
1096.36000000000	0.0262553865710894	0.0749652471889585
1103.81800000000	0.0259659395863612	0.0804061006028106
1111.27800000000	0.0270185402284066	0.0824887594817864
1118.73700000000	0.0323368441313505	0.0982478166789554
1126.19600000000	0.0326857442657153	0.101631947573002
1133.65500000000	0.0317070881525675	0.0971548973369292
1141.11300000000	0.0285394272456567	0.0900947729482213
1148.57200000000	0.0292370791236560	0.0906669754728558
1156.03000000000	0.0269573647528887	0.0821012224451757
1163.48800000000	0.0254635618378719	0.0716176772664602
1170.94600000000	0.0249343241254489	0.0643009810584149
1178.40400000000	0.0249001824607452	0.0644746580774725
1185.86200000000	0.0239738312860330	0.0630574168193697
1193.31800000000	0.0239727031439543	0.0598480032434441
1200.77600000000	0.0242263016601404	0.0610141189537787
1208.23300000000	0.0243633631616831	0.0566519035108626
1215.69000000000	0.0241721452524265	0.0549088981414789
1223.14700000000	0.0249533547709386	0.0545271580018771
1230.60400000000	0.0250376928597689	0.0539849488373726
1238.06000000000	0.0253061112016439	0.0517868647252306
1245.51500000000	0.0256452932953835	0.0521435434153673
1252.97200000000	0.0254937093704939	0.0526481893488119
1260.42800000000	0.0277002143363158	0.0583566080126483
1267.88300000000	0.0307838240017494	0.0720556415184203
1275.33900000000	0.0277952235192060	0.0597144612599682
1282.79400000000	0.0270001714428266	0.0534020671218719
1290.25000000000	0.0280232746154070	0.0536482640667623
1297.70500000000	0.0297767681380113	0.0573307226314397
1305.16000000000	0.0306767231474320	0.0620401779938136
1312.61400000000	0.0298650078475475	0.0661597722097660
1320.06800000000	0.0256583473334710	0.0655424266597802
1439.29200000000	0.0572131921847661	0.0269398607560199
1446.74000000000	0.0412690589825312	0.0551259981365614
1454.18900000000	0.0263964372376601	0.0254946753119367
1461.63700000000	0.0225339724371831	0.0328735777654304
1469.08500000000	0.0265946841488282	0.0255408473898755
1476.53200000000	0.0223598890006542	0.0236822097198489
1483.98000000000	0.0183571943392356	0.0272141755457170
1491.42600000000	0.0155443437397480	0.0309433069873102
1498.87300000000	0.0145015452678005	0.0336545181991911
1506.31900000000	0.0140036065131426	0.0347396859073827
1513.76500000000	0.0139005870247881	0.0351279283296065
1521.21000000000	0.0145672084763646	0.0355075703398088
1528.65500000000	0.0145513558139404	0.0365293375259955
1536.10100000000	0.0152039099484682	0.0370947091393529
1543.54500000000	0.0153049575164914	0.0382320249722451
1550.98900000000	0.0156609074523052	0.0361309408587286
1558.43300000000	0.0162693206220865	0.0396999257846679
1565.87700000000	0.0167238072802623	0.0383165337741948
1573.31900000000	0.0171938370913267	0.0384093697153293
1580.76200000000	0.0174158380056421	0.0381982115810283
1588.20500000000	0.0177869051694870	0.0380003068402609
1595.64700000000	0.0182797287901243	0.0392326448300594
1603.08900000000	0.0189269358913104	0.0375387349112952
1610.53000000000	0.0191134319951137	0.0385926245181292
1617.97000000000	0.0189451966434717	0.0393958865083206
1625.41000000000	0.0188909408946832	0.0379299834504958
1632.85100000000	0.0188175129393737	0.0373072994628023
1640.29000000000	0.0194433772315582	0.0393284746609354
1647.73000000000	0.0193793258319298	0.0404691050834581
1655.16900000000	0.0197747473915418	0.0401744781502242
1662.60700000000	0.0196073725819588	0.0378681281612656
1670.04600000000	0.0198774759968122	0.0406089303575066
1677.48400000000	0.0200548085073630	0.0392917564586856
1684.92100000000	0.0199489525208871	0.0384838370347006
1692.35800000000	0.0202160055438677	0.0377923594922674
1699.79500000000	0.0201908461749554	0.0373726236284337
1707.23100000000	0.0204933012525241	0.0385298724844905
1714.66700000000	0.0206406048188607	0.0390566054886413
1722.10300000000	0.0207409206777811	0.0386704474850392
1729.53800000000	0.0206399187445641	0.0362036370896175
1736.97300000000	0.0208730213344097	0.0410858920805031
1744.40700000000	0.0208080907662710	0.0394086415341009
1751.84100000000	0.0201153773814440	0.0382924771146982
1759.27500000000	0.0210109626253446	0.0385959397445088
1766.70800000000	0.0206440277397633	0.0392479768701262
1967.25200000000	0.0141850275297960	0.0361847929569101
1974.67300000000	0.0110410501559575	0.0360957737886919
1982.09500000000	0.00946949422359467	0.0368261976472328
1989.51500000000	0.00861748338987430	0.0381289604104731
1996.93600000000	0.0109365746999780	0.0383539201544139
2004.35500000000	0.0283522897710403	0.0403025204231752
2011.77500000000	0.0237514072408279	0.0153780910797642
2019.19300000000	0.0180028049896161	0.0333664461572802
2026.61200000000	0.0102229037632545	0.0366630964672315
2034.03000000000	0.00970956869423389	0.0373323744741948
2041.44700000000	0.00916490145027638	0.0369207428543077
2048.86500000000	0.0126721539224188	0.0373256773629086
2056.28100000000	0.0136779832343260	0.0353690756066089
2063.69700000000	0.0136987582469980	0.0409101457097943
2071.11200000000	0.0133763812482357	0.0385455910891045
2078.52700000000	0.0123786870390177	0.0374381619732841
2085.94200000000	0.0127801243215799	0.0407809721058228
2093.35600000000	0.0126291451354822	0.0387616895854667
2100.76900000000	0.0125272329896688	0.0401036523224735
2108.18200000000	0.0134422328944008	0.0411107646553210
2115.59400000000	0.0134791514525811	0.0396678422338275
2123.00600000000	0.0145675400272012	0.0398829009934497
2130.41700000000	0.0158258968343337	0.0393804124649507
2137.82900000000	0.0147807526712616	0.0409799848395183
2145.23900000000	0.0165341086685658	0.0379675698360659
2152.64800000000	0.0167649528011680	0.0395890714998919
2160.05800000000	0.0167896182586749	0.0386686547024347
2167.46700000000	0.0162977495541175	0.0400351607190853
2174.87500000000	0.0169887670005361	0.0381753221734670
2182.28300000000	0.0167981218546629	0.0408025708479097
2189.69000000000	0.0175565021733443	0.0394799617420675
2197.09700000000	0.0178992555787166	0.0414609872064666
2204.50300000000	0.0176068134605885	0.0383193099999634
2211.90900000000	0.0171671379357576	0.0380185588790656
2219.31500000000	0.0177217678477367	0.0381132266065770
2226.71900000000	0.0183204902956883	0.0402483086031395
2234.12300000000	0.0190283258756002	0.0404242840546484
2241.52700000000	0.0186821166425943	0.0381245985969263
2248.93000000000	0.0180715663979451	0.0383964244421702
2256.33300000000	0.0190075797339280	0.0392798694127966
2263.73500000000	0.0182641446590424	0.0380751597483821
2271.13600000000	0.0180106740444899	0.0376672158150174
2278.53800000000	0.0174800250679255	0.0405614634297427
2285.93900000000	0.0175068813065688	0.0379385929754710
2293.33900000000	0.0182579737156630	0.0389234339938671
2300.73800000000	0.0173192583024502	0.0379970571047594
2308.13600000000	0.0165692878266176	0.0376868958255417
2315.53400000000	0.0179520795742671	0.0388981871429313
2322.93300000000	0.0165570763250192	0.0354386243126197
2330.33000000000	0.0160621687149008	0.0379379879646594
2337.72600000000	0.0164990372334917	0.0366163837645583
2345.12200000000	0.0156740974634886	0.0385054086033159
2352.51700000000	0.0149373697737853	0.0404722087636173
2359.91300000000	0.0149165137360493	0.0398151952210586
2367.30700000000	0.0148775593067209	0.0355570470625161
2374.70100000000	0.0170807894319296	0.0399746115426957
2382.09400000000	0.0149771807094415	0.0403728518839410
2389.48600000000	0.0150413305188219	0.0395600644392003
2396.87800000000	0.0132340649142861	0.0363297305979523
2404.27000000000	0.0146379477034012	0.0377370435328756
2411.66000000000	0.0146208864947160	0.0368865237960729
2419.05100000000	0.0155399907380342	0.0421797364452104
2426.44000000000	0.0132298022508621	0.0408313927552148
2433.83000000000	0.0143709344168504	0.0378077641878794
2441.21800000000	0.0125530700509747	0.0413418992605711
2448.60600000000	0.0156890082483490	0.0270674189525120
2455.99400000000	0.0108756832778454	0.0301381649633583
2463.38200000000	0.0112043659513195	0.0321492914563597
2470.76800000000	0.0125489383935928	0.0325651444742283
2478.15300000000	0.0128444222112497	0.0352802492823826
2485.53900000000	0.0172867439687252	0
2492.92400000000	0.00942647876217961	0.0183675136546240