381.005600000000	0.167801600000000	0.229398613174756	0.641284187634786
388.409200000000	0.173848300000000	0.239614551266034	0.660163402557373
395.815800000000	0.178124400000000	0.250868692994118	0.678021013736725
403.225400000000	0.185269300000000	0.256178910533587	0.688378850618998
410.638000000000	0.190715700000000	0.265862032771111	0.704556087652842
418.053600000000	0.197070500000000	0.273852750658989	0.718470990657806
425.472100000000	0.201811600000000	0.279736797014872	0.729337473710378
432.892700000000	0.204204200000000	0.285268207391103	0.735106468200684
440.317300000000	0.209727500000000	0.289158632357915	0.737306952476502
447.742800000000	0.213453900000000	0.293597171703974	0.741506973902384
455.170300000000	0.217011300000000	0.297333757082621	0.744975566864014
462.598900000000	0.218886200000000	0.299130936463674	0.746095478534699
470.030400000000	0.221454900000000	0.300984958807627	0.745845119158427
477.462900000000	0.223981500000000	0.302376190821330	0.744369606177012
484.897400000000	0.227789100000000	0.306747734546661	0.746804555257162
492.332900000000	0.231714100000000	0.310081362724304	0.747413158416748
499.771400000000	0.237115000000000	0.315629005432129	0.749529421329498
507.209900000000	0.242396500000000	0.320410797993342	0.749685068925222
514.650400000000	0.247805900000000	0.322115858395894	0.750119666258494
522.090900000000	0.250616700000000	0.323375334342321	0.746627012888591
529.533300000000	0.254645200000000	0.325428118308385	0.749201595783234
536.976800000000	0.258475400000000	0.326650073130926	0.746991435686747
544.421300000000	0.261336900000000	0.329502304395040	0.744797845681508
551.866700000000	0.264514100000000	0.327792346477509	0.744023621082306
559.314200000000	0.267050300000000	0.327978620926539	0.737138072649638
566.761600000000	0.267751300000000	0.326762566963832	0.733340521653493
574.209000000000	0.267234300000000	0.324363162120183	0.728446086247762
581.658500000000	0.269591200000000	0.322885354359945	0.724979658921560
589.108000000000	0.266658700000000	0.328336973985036	0.719197332859039
596.558300000000	0.266312300000000	0.324589093526204	0.722758054733276
604.009800000000	0.263820100000000	0.310548573732376	0.718379080295563
611.462200000000	0.262443200000000	0.304493288199107	0.714106619358063
618.914600000000	0.259903600000000	0.297521978616715	0.709133108456930
626.368000000000	0.257200700000000	0.290292958418528	0.700500031312307
633.821500000000	0.255475900000000	0.284718890984853	0.696990271409353
641.275900000000	0.254950100000000	0.278869440158208	0.696229100227356
648.730300000000	0.252593900000000	0.275998398661613	0.689934988816579
656.185700000000	0.249342600000000	0.268065541982651	0.687243302663167
663.641100000000	0.245240600000000	0.257635499040286	0.683847824732463
671.097500000000	0.244752200000000	0.251866504549980	0.681426246960958
678.553900000000	0.243880600000000	0.247928604483604	0.676897446314494
686.010300000000	0.239089600000000	0.239028687278430	0.668903628985087
693.467700000000	0.234165800000000	0.238603174686432	0.663057287534078
700.925100000000	0.231531100000000	0.232980991403262	0.663010636965434
708.383500000000	0.224037700000000	0.215686197082202	0.654118855794271
715.840900000000	0.214906100000000	0.218234320481618	0.647770245869955
723.299300000000	0.202913000000000	0.223003953695297	0.643913964430491
730.758700000000	0.187365500000000	0.202571277817090	0.643787662188212
738.217100000000	0.173194800000000	0.176207651694616	0.637171347935995
745.676500000000	0.162487100000000	0.139936407407125	0.610260128974915
753.135900000000	0.164224300000000	0.133183829486370	0.610971828301748
760.596300000000	0.163370400000000	0.125165971616904	0.608058631420136
768.055700000000	0.161450800000000	0.118245681126912	0.603313744068146
775.516100000000	0.159158400000000	0.113739845653375	0.598734756310781
782.977500000000	0.156785000000000	0.109013242026170	0.593913674354553
790.437900000000	0.155763600000000	0.106294391055902	0.590905865033468
797.899400000000	0.155719700000000	0.104741550981998	0.589436630407969
805.361800000000	0.155981600000000	0.104340270161629	0.588934739430746
812.823200000000	0.157008000000000	0.105995856225491	0.590375622113546
820.284600000000	0.156821700000000	0.107329087952773	0.590568959712982
827.746000000000	0.154326800000000	0.103904830912749	0.587346951166789
835.207400000000	0.149927400000000	0.0989593515793483	0.581704020500183
842.669900000000	0.146622400000000	0.0943868930141131	0.577176829179128
850.131300000000	0.142371600000000	0.0890663353105386	0.570745885372162
857.593700000000	0.137148700000000	0.0827396822472413	0.562679966290792
865.055100000000	0.130988900000000	0.0759525659183661	0.553309063116709
872.517600000000	0.124918600000000	0.0693532687922319	0.544337034225464
879.980000000000	0.119261300000000	0.0629072164495786	0.535010208686193
887.441500000000	0.113652000000000	0.0578813316921393	0.527088304360708
894.903900000000	0.109187200000000	0.0552234773834546	0.520893067121506
902.366400000000	0.106168700000000	0.0535524648924669	0.517029951016108
909.828900000000	0.103272500000000	0.0521873521308104	0.514028330643972
917.291300000000	0.100082200000000	0.0501948396364848	0.511038045088450
924.753800000000	0.0958470000000000	0.0472742108007272	0.508138934771220
932.216200000000	0.0900729200000000	0.0467135757207871	0.505120019117991
939.678800000000	0.0831890300000000	0.0451964264114698	0.506976823012034
947.140300000000	0.0755301900000000	0.0401265149315198	0.506528675556183
954.602700000000	0.0669582900000000	0.0341332970807950	0.509767512480418
962.064300000000	0.0621254300000000	0.0291079090287288	0.510798722505570
969.526800000000	0.0583824700000000	0.0246236876895030	0.504413286844889
976.988300000000	0.0566137100000000	0.0218142146865527	0.494029810031255
984.449800000000	0.0562729600000000	0.0194999004403750	0.482527196407318
991.911400000000	0.0562336100000000	0.0178435497606794	0.474748094876607
999.372900000000	0.0568527800000000	0.0164924850687385	0.462477842966716
1006.83400000000	0.0582909700000000	0.0152265885844827	0.452913175026576
1014.29500000000	0.0588739600000000	0.0145756127312779	0.445316294829051
1021.75700000000	0.0598936800000000	0.0138811919217308	0.439589599768321
1029.21700000000	0.0611410600000000	0.0139886951074004	0.438820540904999
1036.67800000000	0.0615662400000000	0.0144382591048876	0.437872578700384
1044.13800000000	0.0631713900000000	0.0151451906810204	0.439835439125697
1051.59900000000	0.0652043600000000	0.0168577625105778	0.445279618104299
1059.06000000000	0.0668609700000000	0.0182066497703393	0.451382070779800
1066.52000000000	0.0686293900000000	0.0201990948989987	0.457422077655792
1073.98000000000	0.0697321900000000	0.0213426637152831	0.462422102689743
1081.44000000000	0.0702016400000000	0.0221005147323012	0.465569933255514
1088.90000000000	0.0696013500000000	0.0221283603459597	0.466965993245443
1096.36000000000	0.0682422400000000	0.0215933478126923	0.467414160569509
1103.81800000000	0.0670753300000000	0.0216683583954970	0.466460396846135
1111.27800000000	0.0652096700000000	0.0216137481232484	0.465893566608429
1118.73700000000	0.0632386600000000	0.0242949593812227	0.464802602926890
1126.19600000000	0.0608604700000000	0.0240323922286431	0.464347789684931
1133.65500000000	0.0573556400000000	0.0223572617396712	0.465288430452347
1141.11300000000	0.0529701700000000	0.0203221968064706	0.464930375417074
1148.57200000000	0.0502536500000000	0.0199819073701898	0.460456063350042
1156.03000000000	0.0487825700000000	0.0175290278469523	0.450436045726140
1163.48800000000	0.0479453900000000	0.0150115058446924	0.433808853228887
1170.94600000000	0.0480817100000000	0.0139093787098924	0.416293531656265
1178.40400000000	0.0485895100000000	0.0124707619349162	0.397546201944351
1185.86200000000	0.0491065500000000	0.0116984139507016	0.379813760519028
1193.31800000000	0.0489637400000000	0.0106544652953744	0.362228741248449
1200.77600000000	0.0495379200000000	0.00938479307418068	0.347177465756734
1208.23300000000	0.0502676900000000	0.00856044717753927	0.334497859080633
1215.69000000000	0.0514197500000000	0.00818820158019662	0.325667778650920
1223.14700000000	0.0535111600000000	0.00716164056211710	0.320697029431661
1230.60400000000	0.0550759900000000	0.00668742476652066	0.317419260740280
1238.06000000000	0.0562610700000000	0.00620730547234416	0.315671344598134
1245.51500000000	0.0573206100000000	0.00588620174676180	0.314339548349381
1252.97200000000	0.0580296200000000	0.00584020807097356	0.314510375261307
1260.42800000000	0.0577723500000000	0.00619128470619520	0.314169824123383
1267.88300000000	0.0579601200000000	0.00725546929364403	0.315954526265462
1275.33900000000	0.0580325700000000	0.00672014383599162	0.319183359543483
1282.79400000000	0.0577288200000000	0.00636580974484483	0.321267227331797
1290.25000000000	0.0577601800000000	0.00665275116140644	0.322651247183482
1297.70500000000	0.0573710700000000	0.00760660227388144	0.322512398163478
1305.16000000000	0.0571655700000000	0.00843602170546850	0.321308066447576
1312.61400000000	0.0564172500000000	0.00900402075300614	0.318771978219350
1320.06800000000	0.0556740600000000	0.00876856409013271	0.315316061178843
1439.29200000000	0.0510691400000000	0.0270594252894322	0.129815484086672
1446.74000000000	0.0493328800000000	0.0175146150092284	0.0954249973098437
1454.18900000000	0.0468570000000000	0.0112274152537187	0.0671808309853077
1461.63700000000	0.0475967000000000	0.0105705295378963	0.0498586048682531
1469.08500000000	0.0488533500000000	0.0127106045062343	0.0385359699527423
1476.53200000000	0.0491044100000000	0.0104854091381033	0.0309252894173066
1483.98000000000	0.0489784300000000	0.00843161282440027	0.0268445704132319
1491.42600000000	0.0485001400000000	0.00554152966166536	0.0254265032708645
1498.87300000000	0.0480660600000000	0.00533895489449302	0.0251259344319503
1506.31900000000	0.0468894600000000	0.00494461894656221	0.0255344708760579
1513.76500000000	0.0469870200000000	0.00427649092550079	0.0264907665550709
1521.21000000000	0.0478366900000000	0.00427963483768205	0.0275998966147502
1528.65500000000	0.0474823000000000	0.00421188593221207	0.0294416267424822
1536.10100000000	0.0479495400000000	0.00377345473195116	0.0315172051390012
1543.54500000000	0.0478983700000000	0.00419040590835114	0.0339467742790779
1550.98900000000	0.0472519500000000	0.00380109498898188	0.0364659142990907
1558.43300000000	0.0480084900000000	0.00382328305083017	0.0399638613065084
1565.87700000000	0.0468961800000000	0.00388047634623945	0.0432770128051440
1573.31900000000	0.0467742700000000	0.00397868757136166	0.0475401617586613
1580.76200000000	0.0466663400000000	0.00375452808414896	0.0517602910598119
1588.20500000000	0.0472760200000000	0.00421673051702480	0.0567763584355513
1595.64700000000	0.0467891800000000	0.00414706448403498	0.0604516901075840
1603.08900000000	0.0464343000000000	0.00368859595619142	0.0632433084150155
1610.53000000000	0.0466286300000000	0.00330845072555045	0.0667581794162591
1617.97000000000	0.0463119300000000	0.00413105986081064	0.0687745126585166
1625.41000000000	0.0471869200000000	0.00426973146386445	0.0719569052259127
1632.85100000000	0.0467260000000000	0.00401048595085740	0.0731872046987216
1640.29000000000	0.0471724700000000	0.00459479571630557	0.0760447929302851
1647.73000000000	0.0467199900000000	0.00418968824669719	0.0790108765165011
1655.16900000000	0.0462936400000000	0.00426356742779414	0.0829728568593661
1662.60700000000	0.0460188900000000	0.00395488808862865	0.0861963331699371
1670.04600000000	0.0466434400000000	0.00438218874235948	0.0899357125163078
1677.48400000000	0.0463008100000000	0.00427961590078970	0.0936364630858104
1684.92100000000	0.0464938700000000	0.00414997409097850	0.0973940640687943
1692.35800000000	0.0468921700000000	0.00391738753144940	0.101201546688875
1699.79500000000	0.0458612900000000	0.00409964557426671	0.104599945247173
1707.23100000000	0.0469483700000000	0.00425622394929330	0.108512232700984
1714.66700000000	0.0464142800000000	0.00461221563940247	0.111148849129677
1722.10300000000	0.0457732500000000	0.00421587191522121	0.115152828395367
1729.53800000000	0.0455526700000000	0.00409012311138213	0.118008588751157
1736.97300000000	0.0469233900000000	0.00478522914151351	0.121121123433113
1744.40700000000	0.0457924600000000	0.00504864333197475	0.123426263531049
1751.84100000000	0.0460321500000000	0.00454281045434376	0.126347521940867
1759.27500000000	0.0465725200000000	0.00514656802018483	0.128618059058984
1766.70800000000	0.0461177500000000	0.00544063824539383	0.130506768822670
1967.25200000000	0.00676268600000000	0.00321199023164809	0.0109222310905655
1974.67300000000	0.00750407400000000	0.00182055709107469	0.0107564690212409
1982.09500000000	0.00773181700000000	0.00194955015710245	0.0111176064237952
1989.51500000000	0.00847198800000000	0.00196366569919822	0.0117303511748711
1996.93600000000	0.00878072900000000	0.00182765117885234	0.0143094360828400
2004.35500000000	0.00864083700000000	0.00299688361216492	0.0149200273056825
2011.77500000000	0.00904552200000000	0.00279604946263135	0.0159743068118890
2019.19300000000	0.00953124200000000	0.00287389198395734	0.0163155536477764
2026.61200000000	0.0100176200000000	0.00162041649370318	0.0162665775666634
2034.03000000000	0.0104894600000000	0.00135814989698702	0.0158870667219162
2041.44700000000	0.0106457800000000	0.00160715218468492	0.0168911796063185
2048.86500000000	0.0105632800000000	0.00195924814033788	0.0166303319856524
2056.28100000000	0.0107037500000000	0.00181162616839477	0.0147042119254669
2063.69700000000	0.0110083400000000	0.00108804042004825	0.0156008076543609
2071.11200000000	0.0443358200000000	0.00490426691249013	0.0130334530646602
2078.52700000000	0.0434827700000000	0.00440969310390453	0.0145676766211788
2085.94200000000	0.0429454000000000	0.00504502747207880	0.0158642418682575
2093.35600000000	0.0429875200000000	0.00450432098781069	0.0182787999510765
2100.76900000000	0.0428953400000000	0.00464418996125460	0.0211193747818470
2108.18200000000	0.0439265500000000	0.00534282407412926	0.0245269015431404
2115.59400000000	0.0427716200000000	0.00517132040113211	0.0282834414392710
2123.00600000000	0.0433696100000000	0.00548141837740938	0.0318931695073843
2130.41700000000	0.0434934900000000	0.00491473296036323	0.0376635566353798
2137.82900000000	0.0429856500000000	0.00502975176398953	0.0427810537318389
2145.23900000000	0.0423482400000000	0.00510430056601763	0.0475327285627524
2152.64800000000	0.0430889200000000	0.00554447108879685	0.0533825755119324
2160.05800000000	0.0418548700000000	0.00514362193644047	0.0576049859325091
2167.46700000000	0.0419378700000000	0.00516051209221284	0.0633133389055729
2174.87500000000	0.0410888600000000	0.00500171212479472	0.0666399709880352
2182.28300000000	0.0413399500000000	0.00535068241879344	0.0724546238780022
2189.69000000000	0.0410610500000000	0.00474271364510059	0.0770608633756638
2197.09700000000	0.0412752000000000	0.00551865389570594	0.0819270809491475
2204.50300000000	0.0403179800000000	0.00533490426217516	0.0854629799723625
2211.90900000000	0.0402865000000000	0.00436710030771792	0.0891267160574595
2219.31500000000	0.0400045100000000	0.00401965032021205	0.0935878927508990
2226.71900000000	0.0400996200000000	0.00456528924405575	0.0963529199361801
2234.12300000000	0.0393577300000000	0.00550134076426427	0.0993938346703847
2241.52700000000	0.0396297800000000	0.00470501572514574	0.100926421582699
2248.93000000000	0.0404811100000000	0.00480025851478179	0.101217627525330
2256.33300000000	0.0398548100000000	0.00519716894874970	0.100339042643706
2263.73500000000	0.0390902300000000	0.00509904464706779	0.0981931264201800
2271.13600000000	0.0391163200000000	0.00495774950832129	0.0944795732696851
2278.53800000000	0.0389077400000000	0.00494986136133472	0.0903287803133329
2285.93900000000	0.0388710000000000	0.00534703334172567	0.0849441438913345
2293.33900000000	0.0385741900000000	0.00479258084669709	0.0797923927505811
2300.73800000000	0.0378600200000000	0.00550485262647271	0.0718159774939219
2308.13600000000	0.0365384200000000	0.00529362090552847	0.0674748482803504
2315.53400000000	0.0357352200000000	0.00531189950803916	0.0612249250213305
2322.93300000000	0.0363310200000000	0.00517332755650083	0.0558025427162647
2330.33000000000	0.0358418600000000	0.00465865231429537	0.0508113466203213
2337.72600000000	0.0357290200000000	0.00536917025844256	0.0475312719742457
2345.12200000000	0.0359948800000000	0.00574315510069331	0.0445956413944562
2352.51700000000	0.0351564500000000	0.00525518724073966	0.0423384321232637
2359.91300000000	0.0353370900000000	0.00638125402232011	0.0388759958247344
2367.30700000000	0.0339979600000000	0.00551369367167354	0.0373038152853648
2374.70100000000	0.0339023000000000	0.00586014427244663	0.0364246976872285
2382.09400000000	0.0349761800000000	0.00625764469926556	0.0363587612907092
2389.48600000000	0.0345679800000000	0.00677454176669319	0.0333479164789120
2396.87800000000	0.0334521700000000	0.00579742901027203	0.0318017359822989
2404.27000000000	0.0325890100000000	0.00620136270299554	0.0314993367840846
2411.66000000000	0.0345961300000000	0.00678527231017749	0.0325604404012362
2419.05100000000	0.0337898200000000	0.00877486246948441	0.0315024157365163
2426.44000000000	0.0315123900000000	0.00651804885516564	0.0288317743688822
2433.83000000000	0.0317780000000000	0.00720232678577304	0.0287903305143118
2441.21800000000	0.0305770100000000	0.00687847426161170	0.0272845004995664
2448.60600000000	0.0336725700000000	0.00975316452483336	0.0272938876102368
2455.99400000000	0.0289320400000000	0.00591812096536160	0.0234629002710183
2463.38200000000	0.0265892100000000	0.00643434328958392	0.0219742370148500
2470.76800000000	0.0277611900000000	0.00963704194873571	0.0226487877468268
2478.15300000000	0.0281368300000000	0.0118732666596770	0.0200056452304125
2485.53900000000	0.0224634100000000	0.0169207199166218	0.0150123986726006
2492.92400000000	0.0171046600000000	0.0133407398437460	0.00966411549597979