381.005600000000	0.124414928257465	0.162321522831917	0.151737784345945
388.409200000000	0.131295546889305	0.171789859731992	0.162144675850868
395.815800000000	0.139019722739855	0.181776493787766	0.173370758692424
403.225400000000	0.142650653918584	0.187220488985380	0.184996172785759
410.638000000000	0.149004429578781	0.196575949589411	0.194691588481267
418.053600000000	0.154526422421137	0.204206362366676	0.207502961158752
425.472100000000	0.158351962765058	0.212515796224276	0.218110516667366
432.892700000000	0.162803595264753	0.217453688383102	0.225091204047203
440.317300000000	0.167110155026118	0.222871974110603	0.233571231365204
447.742800000000	0.170143475135167	0.226904973387718	0.241371979316076
455.170300000000	0.173487255970637	0.231838474671046	0.247552081942558
462.598900000000	0.175439139207204	0.234620456894239	0.251551459232966
470.030400000000	0.177416995167732	0.235935126741727	0.254716078440348
477.462900000000	0.179799512028694	0.238038569688797	0.258126974105835
484.897400000000	0.183930079142253	0.241762508948644	0.263564089934031
492.332900000000	0.187530214587847	0.245084141691526	0.267166475454966
499.771400000000	0.193289528290431	0.248836169640223	0.271270563205083
507.209900000000	0.198712646961212	0.251872350772222	0.275953014691671
514.650400000000	0.203733772039413	0.255981564521790	0.280182490746180
522.090900000000	0.208280255397161	0.258330265680949	0.282852649688721
529.533300000000	0.210788359244665	0.260209381580353	0.285877645015717
536.976800000000	0.215079615513484	0.261892676353455	0.288705418507258
544.421300000000	0.218472679456075	0.263398200273514	0.287950744231542
551.866700000000	0.221888085206350	0.264457096656164	0.289232343435288
559.314200000000	0.223785991470019	0.266144603490829	0.290088415145874
566.761600000000	0.225476677219073	0.263766745726268	0.287902563810349
574.209000000000	0.225669249892235	0.260971705118815	0.282318194707235
581.658500000000	0.226534227530162	0.258360634247462	0.277818133433660
589.108000000000	0.228160942594210	0.248797292510668	0.267209380865097
596.558300000000	0.228247418999672	0.241994917392731	0.256622721751531
604.009800000000	0.224320868651072	0.238504370053609	0.247318640351295
611.462200000000	0.222112193703651	0.235292380054792	0.241595124204954
618.914600000000	0.219773133595785	0.231385732690493	0.238309721151988
626.368000000000	0.217548141876856	0.227333441376686	0.232820868492126
633.821500000000	0.216052512327830	0.225899755954742	0.228907232483228
641.275900000000	0.215851192673047	0.224348068237305	0.226803551117579
648.730300000000	0.213784659902255	0.217503110567729	0.220703373352687
656.185700000000	0.210925971468290	0.214935496449471	0.215356156229973
663.641100000000	0.206997781991959	0.213712692260742	0.211969872315725
671.097500000000	0.206863333781560	0.212550396720568	0.209546839197477
678.553900000000	0.205635190010071	0.210788915554682	0.204772492249807
686.010300000000	0.200811689098676	0.204958031574885	0.198584710558256
693.467700000000	0.199260865648588	0.195751349131266	0.186936135093371
700.925100000000	0.196881219744682	0.188342486818632	0.178657715519269
708.383500000000	0.190104290843010	0.181229487061501	0.166689917445183
715.840900000000	0.186124011874199	0.165858566761017	0.149726440509160
723.299300000000	0.178984875480334	0.146656140685081	0.128488764166832
730.758700000000	0.161812340219816	0.133409167329470	0.110351902743181
738.217100000000	0.145990073680878	0.127178045610587	0.0994239573677381
745.676500000000	0.139328226447105	0.125784990688165	0.0952010949452718
753.135900000000	0.138091504573822	0.124343529343605	0.0927853509783745
760.596300000000	0.137048646807671	0.129325946172078	0.0954379066824913
768.055700000000	0.136116489768028	0.123083462317785	0.0897374972701073
775.516100000000	0.135984862844149	0.123177789151669	0.0919040342171987
782.977500000000	0.136706675092379	0.123530151943366	0.0923546006282171
790.437900000000	0.137946670254072	0.124260542293390	0.0938769876956940
797.899400000000	0.139677658677101	0.125209386150042	0.0954091126720111
805.361800000000	0.140493849913279	0.126454321046670	0.0962881768743197
812.823200000000	0.139875705043475	0.122751084466775	0.0949415465195974
820.284600000000	0.136956805984179	0.119340916474660	0.0921460315585136
827.746000000000	0.127954403559367	0.113670316835244	0.0850727458794912
835.207400000000	0.118714315195878	0.108539447188377	0.0786246110995611
842.669900000000	0.114674054086208	0.106624687711398	0.0760353083411853
850.131300000000	0.111018175880114	0.105067245662212	0.0740588605403900
857.593700000000	0.107090579966704	0.103362848361333	0.0716897100210190
865.055100000000	0.103327696522077	0.101619847118855	0.0705488820870717
872.517600000000	0.0985436240832011	0.0996618370215098	0.0682955433924993
879.980000000000	0.0935290281971296	0.0974042241772016	0.0669166247049968
887.441500000000	0.0882798532644908	0.0946823954582214	0.0646538051466147
894.903900000000	0.0838599354028702	0.0920012245575587	0.0635867379605770
902.366400000000	0.0800451164444288	0.0899266749620438	0.0627407121161620
909.828900000000	0.0758318205674489	0.0882976527015368	0.0615194241205851
917.291300000000	0.0696841205159823	0.0868059893449148	0.0603893523414930
924.753800000000	0.0603446761767070	0.0842756703495979	0.0577836036682129
932.216200000000	0.0489427646001180	0.0917039712270101	0.0629731540878614
939.678800000000	0.0383944921195507	0.0922277818123500	0.0630485738317172
947.140300000000	0.0294767382244269	0.0890803535779317	0.0615150940914949
954.602700000000	0.0218858278046052	0.0866973400115967	0.0598682848115762
962.064300000000	0.0182894275834163	0.0822673663496971	0.0565210990607739
969.526800000000	0.0163513639320930	0.0772242223223050	0.0524361046651999
976.988300000000	0.0154476258903742	0.0764550492167473	0.0520958229899406
984.449800000000	0.0139829485366742	0.0756820787986120	0.0510659900804361
991.911400000000	0.0133955258255204	0.0757276117801666	0.0499603611727556
999.372900000000	0.0125201925014456	0.0757250189781189	0.0503451501329740
1006.83400000000	0.0127738639712334	0.0763804937402407	0.0504696058730284
1014.29500000000	0.0136826749270161	0.0762157961726189	0.0505438310404619
1021.75700000000	0.0153165378918250	0.0767868831753731	0.0509582683444023
1029.21700000000	0.0176786401619514	0.0775234128038089	0.0520474029084047
1036.67800000000	0.0206871951619784	0.0783927068114281	0.0520246538023154
1044.13800000000	0.0244182702153921	0.0790694355964661	0.0529279460509618
1051.59900000000	0.0281929522752762	0.0800492117802302	0.0536684244871140
1059.06000000000	0.0313268670191368	0.0807929957906405	0.0538566087683042
1066.52000000000	0.0331874738136927	0.0816907609502475	0.0545487937827905
1073.98000000000	0.0337139144539833	0.0821470643083255	0.0549024678766727
1081.44000000000	0.0322599125405153	0.0816384206215541	0.0550629670421282
1088.90000000000	0.0297630758335193	0.0815698901812236	0.0547433272004128
1096.36000000000	0.0265914263824622	0.0804068570335706	0.0547149988512198
1103.81800000000	0.0234685322890679	0.0797811597585678	0.0559626345833143
1111.27800000000	0.0206053511550029	0.0835229555765788	0.0594498564799627
1118.73700000000	0.0176806648572286	0.102370264629523	0.0709054917097092
1126.19600000000	0.0147105750317375	0.109788472453753	0.0751484980185827
1133.65500000000	0.0123357406506936	0.102020551760991	0.0704646383722623
1141.11300000000	0.0112653436760108	0.0894060408075651	0.0637822337448597
1148.57200000000	0.0110547433917721	0.0928231105208397	0.0656017102301121
1156.03000000000	0.0107359448447824	0.0830703253547351	0.0595885229607423
1163.48800000000	0.00995528884232044	0.0759642422199249	0.0536438177029292
1170.94600000000	0.00915983133018017	0.0737896089752515	0.0519063969453176
1178.40400000000	0.00847370813911160	0.0733946487307549	0.0510355333487193
1185.86200000000	0.00791158325349291	0.0724137127399445	0.0503992028534412
1193.31800000000	0.00742068498705824	0.0717029025157293	0.0498039747277896
1200.77600000000	0.00688669364899397	0.0715526267886162	0.0503490654130777
1208.23300000000	0.00652949480960767	0.0714944824576378	0.0502050518989563
1215.69000000000	0.00619447091594338	0.0711122850577037	0.0494232935210069
1223.14700000000	0.00605169575040539	0.0712641328573227	0.0493947453796864
1230.60400000000	0.00581955506155888	0.0710822492837906	0.0492772298554579
1238.06000000000	0.00577984455352028	0.0721257602175077	0.0497296092410882
1245.51500000000	0.00566055734331409	0.0721116264661153	0.0499016704658667
1252.97200000000	0.00563853203008572	0.0724412028988202	0.0500664971768856
1260.42800000000	0.00560829881578684	0.0733821739753087	0.0514232392112414
1267.88300000000	0.00585454919685920	0.0750259483853976	0.0545258931815624
1275.33900000000	0.00584820021564762	0.0835801313320796	0.0574459508061409
1282.79400000000	0.00611017054567734	0.0835030078887940	0.0570369375248750
1290.25000000000	0.00651290221139789	0.0861688305934270	0.0596653632819653
1297.70500000000	0.00688013310233752	0.0898616860310237	0.0635097275177638
1305.16000000000	0.00731971937542160	0.0918616379300753	0.0656942352652550
1312.61400000000	0.00762842688709497	0.0906261851390203	0.0645376245180766
1320.06800000000	0.00797898834571242	0.0819389596581459	0.0565279548366865
1439.29200000000	0.0126201113065084	0.150251761078835	0.100314609706402
1446.74000000000	0.00849793649589022	0.110011078417301	0.0761675164103508
1454.18900000000	0.00314265807780127	0.0731364637613297	0.0520452608664831
1461.63700000000	0.00448724487796426	0.0618977968891462	0.0460897622009118
1469.08500000000	0.00664215240006646	0.0693828687071800	0.0510149610539277
1476.53200000000	0.00464897090569139	0.0576524150868257	0.0433199964463711
1483.98000000000	0.00329351937398314	0.0473702500263850	0.0364632395406564
1491.42600000000	0.00214454469581445	0.0403052742282550	0.0309979245066643
1498.87300000000	0.00243209411079685	0.0378812104463577	0.0286310724914074
1506.31900000000	0.00210519383351008	0.0381413822372754	0.0279194197307030
1513.76500000000	0.00176764248559872	0.0380260087549686	0.0276633339623610
1521.21000000000	0.00198456485910962	0.0389369850357374	0.0286013185977936
1528.65500000000	0.00196307940253367	0.0397183311482271	0.0289134451498588
1536.10100000000	0.00222048516540478	0.0406945223609606	0.0294870939105749
1543.54500000000	0.00228633452206850	0.0416094164053599	0.0305417726437251
1550.98900000000	0.00163935679787149	0.0430238048235575	0.0305670518428087
1558.43300000000	0.00231137937710931	0.0440772833923499	0.0315937257061402
1565.87700000000	0.00199727399740368	0.0451397324601809	0.0323386782159408
1573.31900000000	0.00219411775469780	0.0464113354682922	0.0334308755894502
1580.76200000000	0.00196554535068572	0.0476204007863998	0.0345317857960860
1588.20500000000	0.00201480412700524	0.0487884581089020	0.0353044768174489
1595.64700000000	0.00198649642212937	0.0499568718175093	0.0357373580336571
1603.08900000000	0.00221016479190439	0.0509147768219312	0.0361897634963195
1610.53000000000	0.00255914280811946	0.0517104280491670	0.0367609076201916
1617.97000000000	0.00254209230964383	0.0518219582736492	0.0368341356515884
1625.41000000000	0.00235363332709918	0.0522308672467868	0.0371168752511342
1632.85100000000	0.00196773473483821	0.0525715971986453	0.0379893022278945
1640.29000000000	0.00195410385883103	0.0530668571591377	0.0382803988953432
1647.73000000000	0.00208270033666243	0.0536673727134864	0.0383534431457520
1655.16900000000	0.00221722747664899	0.0544962150355180	0.0387395694851875
1662.60700000000	0.00204487664935490	0.0547109643618266	0.0389375810821851
1670.04600000000	0.00205102749168873	0.0550345542530219	0.0396320385237535
1677.48400000000	0.00184611884954696	0.0555810915927092	0.0400192588567734
1684.92100000000	0.00198760791681707	0.0558838732540607	0.0398051192363103
1692.35800000000	0.00175230084763219	0.0561260754863421	0.0400975570082665
1699.79500000000	0.00214180195083221	0.0567719526588917	0.0404722479482492
1707.23100000000	0.00209949891238163	0.0564969244102637	0.0405755427976449
1714.66700000000	0.00226410086421917	0.0564522904654344	0.0408092625439167
1722.10300000000	0.00233491595524053	0.0571013068159421	0.0414779086907705
1729.53800000000	0.00209228318029394	0.0570417655011018	0.0413034670054913
1736.97300000000	0.00236059752448152	0.0576922123630842	0.0419361703097820
1744.40700000000	0.00208247392826403	0.0578531386951605	0.0418266703685125
1751.84100000000	0.00204040451596181	0.0575785562396050	0.0417160180707773
1759.27500000000	0.00187535875011235	0.0580096046129862	0.0427088017265002
1766.70800000000	0.00174446305027232	0.0587804702421029	0.0434696177641551
1967.25200000000	0.00259014545008540	0.0289297314981620	0.0243813420335452
1974.67300000000	0.00266412552446127	0.0246369726955891	0.0198722376177708
1982.09500000000	0.00262488285079598	0.0232416006426017	0.0189248453825712
1989.51500000000	0.00270892020004491	0.0221878824134668	0.0180680702130000
1996.93600000000	0.00274489719110231	0.0248112101107836	0.0197079566617807
2004.35500000000	0.00269474081384639	0.0413001527388891	0.0410964948435624
2011.77500000000	0.00272841348002354	0.0362152978777885	0.0346235726028681
2019.19300000000	0.00270723520467679	0.0296438888957103	0.0259893306841453
2026.61200000000	0.00285699055530131	0.0242773058513800	0.0184506022681793
2034.03000000000	0.00279614034419258	0.0228521805256605	0.0179648610452811
2041.44700000000	0.00275478147280713	0.0231610455860694	0.0184125428398450
2048.86500000000	0.00270277517847717	0.0258220949520667	0.0212051278601090
2056.28100000000	0.00285477912984788	0.0281454268842936	0.0221837895611922
2063.69700000000	0.00282419985160232	0.0269290003925562	0.0221130543698867
2071.11200000000	0.00168045649237077	0.0286553340653578	0.0225996517886718
2078.52700000000	0.00109944995104646	0.0284711134930452	0.0216478165239096
2085.94200000000	0.00164594204397872	0.0294428492585818	0.0227766068031391
2093.35600000000	0.00145551608875394	0.0304779515912135	0.0236587021499872
2100.76900000000	0.00199781133172413	0.0316199765851100	0.0238292167584101
2108.18200000000	0.00250802297766010	0.0331092079480489	0.0247370706250270
2115.59400000000	0.00132792299458136	0.0347267153362433	0.0259637124836445
2123.00600000000	0.00187018641736358	0.0367202907800674	0.0276734605431557
2130.41700000000	0.00179170219538112	0.0386489393810431	0.0288726706057787
2137.82900000000	0.00217441675097992	0.0399630789955457	0.0295178443193436
2145.23900000000	0.00195115218715121	0.0412489150961240	0.0305433608591557
2152.64800000000	0.00176420675901075	0.0423935912549496	0.0311523259927829
2160.05800000000	0.00242909889978667	0.0431281787653764	0.0316878538578749
2167.46700000000	0.00235621041307847	0.0437953347961108	0.0326413580526908
2174.87500000000	0.00242291274480522	0.0440600303312143	0.0326285275320212
2182.28300000000	0.00246811759037276	0.0444264312585195	0.0333120754609505
2189.69000000000	0.00233927838659535	0.0447423048317432	0.0333367536465327
2197.09700000000	0.00254358545256158	0.0458279202381770	0.0337988076110681
2204.50300000000	0.00258692392768959	0.0455983777840932	0.0332358280817668
2211.90900000000	0.00245764226807902	0.0446657078961531	0.0324805155396462
2219.31500000000	0.00197571748867631	0.0440593684713046	0.0335381043454011
2226.71900000000	0.00222094166868677	0.0438419853647550	0.0320512503385544
2234.12300000000	0.00178802226825307	0.0440049159030120	0.0320860650390387
2241.52700000000	0.00251340489679327	0.0442156530916691	0.0319168499360482
2248.93000000000	0.00259873884109159	0.0439257100224495	0.0324819640566905
2256.33300000000	0.00249988011394938	0.0437299273908138	0.0320994295179844
2263.73500000000	0.00241156844034170	0.0434720839063327	0.0320358878622452
2271.13600000000	0.00173522407809893	0.0432105399668217	0.0316552010675271
2278.53800000000	0.00241054194824149	0.0423754093547662	0.0319613063087066
2285.93900000000	0.00191999867092818	0.0413323938846588	0.0313586108386517
2293.33900000000	0.00253187636068712	0.0420479687551657	0.0317468941211700
2300.73800000000	0.00283165563208362	0.0402628506223361	0.0297067227462928
2308.13600000000	0.00239322470345845	0.0383893251419067	0.0283985417336226
2315.53400000000	0.00210996975268548	0.0384361557662487	0.0294956900179386
2322.93300000000	0.00199181772768497	0.0370774219433467	0.0279484397421281
2330.33000000000	0.00211705866968259	0.0346178263425827	0.0268998487542073
2337.72600000000	0.00205234876678636	0.0352623475094636	0.0269073961923520
2345.12200000000	0.00226979153618837	0.0350976102054119	0.0274175765613715
2352.51700000000	0.00260411350366970	0.0349418359498183	0.0272880059977372
2359.91300000000	0.00322395920132597	0.0325465587278207	0.0255515631288290
2367.30700000000	0.00297363164524237	0.0338706995050112	0.0269503798335791
2374.70100000000	0.00264318442593018	0.0349145345389843	0.0265906999508540
2382.09400000000	0.00328007806092501	0.0352347195148468	0.0298639604200919
2389.48600000000	0.00337370314324896	0.0334548527995745	0.0277855085829894
2396.87800000000	0.00372253614477813	0.0309939713527759	0.0260691829025745
2404.27000000000	0.00240529914541791	0.0325834179917971	0.0262512781967719
2411.66000000000	0.00377951764191190	0.0345680328706900	0.0285222294429938
2419.05100000000	0.00476942265716692	0.0349636251727740	0.0310891916354497
2426.44000000000	0.00383081613108516	0.0296912224342426	0.0236192264904579
2433.83000000000	0.00368817701625327	0.0319358135263125	0.0258088509241740
2441.21800000000	0.00294049402388434	0.0295821633189917	0.0243808074543873
2448.60600000000	0.00682594689230124	0.0386288588245710	0.0316515602171421
2455.99400000000	0.00472820860644182	0.0275545852879683	0.0227033632496993
2463.38200000000	0.00447138135010998	0.0262050957729419	0.0235493493576845
2470.76800000000	0.00271195625343050	0.0295125376433134	0.0262812996904055
2478.15300000000	0.00452694506384432	0.0320322724680106	0.0273294759293397
2485.53900000000	0.00443602679297328	0.0382284944256147	0.0340630573530992
2492.92400000000	0.00229074458669250	0.0298191967109839	0.0256372205913067