426.820007000000	0.550274659660855	0.697195838986884	0.985742825552551	0.462699528514868
436.989990000000	0.711249104370671	0.672094075079150	1			0.555329173438506
447.170013000000	0.634822068306663	0.615106286748078	0.961780275723539	0.505857082889609
457.339996000000	0.660138524002866	0.646313885119855	0.959645538112612	0.596672895194135
467.519989000000	0.759016001910676	0.702849389416554	0.977506347823140	0.644280283428475
477.690002000000	0.761643181275376	0.744685662596110	0.943217568296198	0.703196039548394
487.869995000000	0.791497492237879	0.747851650836725	0.937201250006884	0.760866625370678
498.040009000000	0.834010031048483	0.791497060153777	0.940049931685210	0.797021795092731
508.220001000000	0.851683783138285	0.851650836725464	0.947562683595032	0.861127269697606
518.390015000000	0.888703128731789	0.884667571234735	0.948027774290883	0.923948277925390
528.570007000000	0.934798184857894	0.900271370420624	0.928524865700441	0.945567771926598
538.739990000000	0.946023405779795	0.937132519222071	0.923392809631772	0.954060251166408
548.919983000000	0.978982565082398	0.958842152872004	0.909552897956508	0.980051812822463
559.090027000000	1			0.969696969696970	0.896468115849721	1
569.270020000000	0.987580606639599	0.989823609226594	0.873307726657945	0.996498987120829
579.450012000000	0.980415572008598	0.971053821800091	0.860099911457845	0.992617588853909
589.619995000000	0.974922378791498	1			0.841179499266700	0.971737002123290
599.799988000000	0.972056364939097	0.980325644504749	0.816769579317206	0.910710415541450
609.969971000000	0.927871984714593	0.960651289009498	0.794021776271756	0.858809750381066
620.150024000000	0.902316694530690	0.928086838534600	0.780515972260927	0.848553912542095
630.320007000000	0.869835204203487	0.927860696517413	0.762285557041909	0.819079642945160
640.500000000000	0.821829472175782	0.884893713251922	0.744876071126322	0.814239260606570
650.669983000000	0.840697396704084	0.888059701492537	0.731832603705409	0.803085390594791
660.849976000000	0.796274181991880	0.879014020805066	0.715189989604228	0.771275408161183
671.020020000000	0.763792691664676	0.852103120759837	0.706027466429754	0.740753828969293
681.200012000000	0.775495581561978	0.869063772048847	0.693024685903928	0.720651890647071
691.369995000000	0.759254836398376	0.869289914066034	0.667358614657126	0.696814247942094
701.549988000000	0.705517076665871	0.805291723202171	0.662201753285982	0.648134130642416
711.719971000000	0.598280391688560	0.737675260063320	0.603608109120061	0.497502225873928
721.900024000000	0.554812514927155	0.677069199457259	0.572515337528040	0.405302895750037
732.070007000000	0.481251492715548	0.581863410221619	0.566395015217816	0.310502619458550
742.250000000000	0.408406973967041	0.509271822704659	0.558635256591622	0.264873915518393
752.429993000000	0.394793408168139	0.488014473089100	0.532081623269580	0.251561457104717
762.599976000000	0.356102221160736	0.485753052917232	0.529055041840321	0.262148050310458
772.780029000000	0.314545020300931	0.466530981456355	0.536942913126486	0.266941795977378
782.950012000000	0.316216861714832	0.482134780642243	0.512900474966209	0.264478538281083
793.130005000000	0.301886792452830	0.504748982360923	0.509902933027344	0.284338898705980
803.299988000000	0.293288750895629	0.523744911804613	0.497280895000960	0.296609240094862
813.479980000000	0.369476952471937	0.640660334690186	0.472863463145664	0.295639486291727
823.650024000000	0.356579890136136	0.589099954771597	0.469461407559840	0.277056391992815
833.830017000000	0.358012897062336	0.567842605156038	0.462702618679710	0.234893659802370
844			0.316455696202532	0.511759384893713	0.449410988003279	0.225034103091923
851.919983000000	0.263673274420826	0.453414744459521	0.442337961947562	0.187900146745886
854.179993000000	0.194888941963220	0.407734056987788	0.714248666795617	0.235470927448876
862.010010000000	0.150465727251015	0.274536408864767	0.671590357323865	0.200285846648564
864.349976000000	0.153809410078815	0.223202170963365	0.852803677988154	0.253306090553657
922.539978000000	0.0766658705517077	0.281999095431931	0.741771901252572	0.195563352810631
925.409973000000	0.147838547886315	0.200587969244686	0.679632430259012	0.0840246541870212
932.640015000000	0.133269644136613	0.0701040253279059	0.459181486170879	0.216765325302756
935.580017000000	0.0296154764748030	0.252374491180461	0.355864469934363	0.207391619308126
942.729980000000	0.125149271554813	0.235413839891452	0.323607831576844	0.183649360258442
945.760010000000	0.0840697396704084	0.200587969244686	0.306201557613342	0.202708232778807
952.820007000000	0.123955099116312	0.137494346449570	0.339026077212588	0.180585827894461
955.929993000000	0.388106042512539	0.555178652193578	0.458488057524431	0.203455715788838
962.909973000000	0.302603295915930	0.493668023518770	0.545989904391745	0.180464964304928
966.109985000000	0.234535466921423	0.389868837630032	0.667996439273394	0.0497363768092047
972.989990000000	0.181753045139718	0.296246042514699	0.719155912736667	0.227010647982264
1033.48999000000	0.122760926677812	0.228403437358661	0.796922519979425	0.101772013362434
1037.32995600000	0.184380224504418	0.225689733152420	0.624523587217629	0.267886070096144
1043.58996600000	0.163601624074516	0.0601537765716870	0.401940258892192	0.188933339773219
1047.51001000000	0.0683066634822068	0.247625508819539	0.330891720148235	0.156093747285698
1053.68994100000	0.116073561022212	0.226142017186793	0.320225848443079	0.181828969867541
1057.68005400000	0.0749940291378075	0.201492537313433	0.324651737041282	0.208599086905922
1063.79003900000	0.109863864342011	0.165988240615106	0.327914842812706	0.154336975520662
1073.89001500000	0.0783377119656078	0.203527815468114	0.322036840793015	0.205501747203886
1083.98999000000	0.0788153809410079	0.189054726368159	0.296966514601341	0.210596906316184
1094.08996600000	0.171483162168617	0.224559023066486	0.341436149158937	0.166093032097008
1104.18994100000	0.192261762598519	0.196743554952510	0.332439044249856	0.153856876755268
1114.18994100000	0.113207547169811	0.249434644957033	0.300242329472442	0.172807325521823
1124.28002900000	0.124910437067113	0.375621890547264	0.271893307104136	0.203818122050536
1134.38000500000	0.205397659422021	0.259384893713252	0.256286864328840	0.200667790819813
1144.47998000000	0.215428707905422	0.238579828132067	0.292125024991447	0.164560019634912
1154.57995600000	0.211129687126821	0.177295341474446	0.311077305600628	0.189058028921064
1164.68005400000	0.207786004299021	0.112618724559023	0.325127555759814	0.181610678706043
1174.77002000000	0.186768569381419	0.0490728177295341	0.294105757075621	0.180609635818166
1184.86999500000	0.169333651779317	0.0590230664857531	0.268766691348177	0.183296040958423
1194.96997100000	0.127537616431813	0.0786974219810041	0.237456185608961	0.166280574927181
1205.06994600000	0.124193933604012	0.0807327001356852	0.220542686669004	0.163327887697439
1215.17004400000	0.112968712682111	0.111714156490276	0.221078465178774	0.181323341728620
1225.17004400000	0.120850250776212	0.110131162369968	0.220075737363733	0.184023248423565
1235.27002000000	0.112729878194411	0.108774310266848	0.225231027607886	0.183931785140713
1245.35998500000	0.107714353952711	0.111940298507463	0.224019929776832	0.182177362690354
1255.45996100000	0.107236684977311	0.0890999547715966	0.223837264961531	0.171531167097869
1265.56005900000	0.112491043706711	0.104251469923112	0.222948239506525	0.195084836113128
1275.66003400000	0.109386195366611	0.134102216191768	0.226314344809912	0.170253699332666
1285.76001000000	0.110102698829711	0.133197648123021	0.227424221668602	0.163425961883351
1295.85998500000	0.155481251492716	0.123473541383989	0.230731021825779	0.168583040753153
1305.95996100000	0.165751134463817	0.115558570782451	0.218369972797171	0.168202002509705
1316.05004900000	0.149271554812515	0.103120759837178	0.205125987446251	0.165994792394761
1326.05004900000	0.161690948172916	0.102894617819991	0.186606813616262	0.161632508109149
1336.15002400000	0.112729878194411	0.0836725463591135	0.173684946754789	0.154192313729572
1477.43005400000	0.112491043706711	0.0782451379466305	0			0.0755347098344401
1487.53002900000	0.138524002866014	0.0431931252826775	0.0613593024071200	0.135849685626331
1497.63000500000	0.0640076427036064	0.134328358208955	0.137231084131916	0.150214544174613
1507.72998000000	0.0869357535228087	0.135911352329263	0.126185024359599	0.167535894965399
1517.82995600000	0.125626940530213	0.0578923563998191	0.114756613434794	0.175310569945656
1527.92004400000	0.101504657272510	0.0678426051560380	0.120899843135105	0.191318959201304
1537.92004400000	0.0632911392405063	0.103573043871551	0.130871344057593	0.164357957929284
1548.02002000000	0.0599474564127060	0.0902306648575305	0.128324456369509	0.164643162087853
1558.11999500000	0.0695008359207070	0.107869742198100	0.130141742108237	0.184104782364892
1568.21997100000	0.0709338428469071	0.101537765716870	0.131713121969670	0.175800251376406
1578.31994600000	0.0819202292811082	0.105608322026232	0.133998557488971	0.187350935323947
1588.42004400000	0.0950561261046095	0.115332428765265	0.135473254509422	0.184700237478866
1598.51001000000	0.0699785048961070	0.0915875169606513	0.134822415868267	0.196822923846913
1608.60998500000	0.0558872701218056	0.100407055630936	0.137841257682091	0.194804083710237
1618.70996100000	0.0788153809410079	0.109226594301221	0.133688298355279	0.168172513021078
1628.81005900000	0.0656794841175066	0.116236996834012	0.133870986579713	0.175317022011740
1638.81005900000	0.0883687604490088	0.104929895974672	0.136104792967690	0.184676062277358
1648.90002400000	0.0893240983998089	0.101537765716870	0.138284080218773	0.181147718666684
1659			0.0866969190351087	0.108774310266848	0.131470030530983	0.182469070636722
1669.09997600000	0.0919512777645092	0.117141564902759	0.134317569296512	0.190103703891158
1679.19995100000	0.100549319321710	0.0872908186341022	0.139156718031999	0.183328812032163
1689.30004900000	0.110819202292811	0.0999547715965626	0.139765730626369	0.177902308688674
1699.40002400000	0.117506567948412	0.107417458163727	0.141459906981566	0.183050173675190
1709.50000000000	0.127537616431813	0.107191316146540	0.145026505605860	0.190842793832229
1719.59997600000	0.0933842846907093	0.112166440524649	0.143477886960626	0.197868674146200
1729.69995100000	0.0979221399570098	0.112844866576210	0.141849198612331	0.204673700181680
1739.69995100000	0.0991163123955099	0.115558570782451	0.148346398455162	0.178777535204797
1749.79003900000	0.0929066157153093	0.115332428765265	0.151094368489449	0.169874311743804
1759.89001500000	0.129448292333413	0.116689280868385	0.148623200704895	0.177164149465071
1769.98999000000	0.139001671841414	0.117141564902759	0.146408729527916	0.183202230677242
1780.08996600000	0.100549319321710	0.105156037991859	0.140931369910549	0.177490672223176
1790.18994100000	0.115834726534512	0.0947535052012664	0.139867748536262	0.184121192368679
1981.85998500000	0.131120133747313	0.120759837177748	0.149470474726465	0.198451563486546
1991.95996100000	0.146883209935515	0.110583446404342	0.153093023327432	0.199078118328367
2032.34997600000	0.165034631000717	0			0.132288690744958	0.163590802650726
2042.44995100000	0.151659899689515	0.137494346449570	0.131169026505510	0.245116900530535
2052.44995100000	0.0909959398137091	0.135459068294889	0.115687123598042	0.228561592298359
2062.55004900000	0.0902794363506090	0.122795115332429	0.106491658921411	0.200451582326557
2072.64990200000	0.171721996656317	0.114880144730891	0.110068904203307	0.189946724223114
2082.75000000000	0.104848340100310	0.124151967435550	0.117138896383912	0.185865573974050
2092.84008800000	0.0907571053260091	0.148349163274536	0.111120605687272	0.213690286862302
2102.93994100000	0.108430857415811	0.102216191768431	0.116652008781577	0.153016352455576
2113.04003900000	0.0862192500597086	0.120307553143374	0.118916050582242	0.147788704602436
2123.13989300000	0.0862192500597086	0.104929895974672	0.118531172633692	0.162653612700305
2133.23999000000	0.0795318844041080	0.0823156942559928	0.115076797777740	0.169168531767944
2143.34008800000	0.113207547169811	0.0780189959294437	0.106467199670412	0.171050406653358
2153.34008800000	0.147122044423215	0.0981456354590683	0.112936552081871	0.171174375659217
2163.42993200000	0.0503940769047050	0.0384441429217549	0.127650796259434	0.192225607116163
2173.53002900000	0.0277048005732028	0.0361827227498869	0.133408565950058	0.177827140785775
2183.62988300000	0.0883687604490088	0.0739484396200814	0.131719358328250	0.196947080195245
2193.72998000000	0.101026988297110	0.0814111261872456	0.130375831719089	0.205705475878625
2203.83007800000	0.0167184141390017	0.0597014925373134	0.115119016809278	0.218253680113800
2213.92993200000	0.00382135180320038	0.0581184984170059	0.115990988105560	0.200491955016843
2224.03002900000	0.105564843563411	0.127544097693351	0.132594232133495	0.165710510341826
2234.12011700000	0.106520181514211	0.110583446404342	0.136412031576678	0.158634708791422
2244.21997100000	0.0952949605923095	0.146766169154229	0.144118924357971	0.156842595963515
2254.21997100000	0.0874134224982087	0.145861601085482	0.149323220113779	0.149888677349252
2264.32006800000	0.171483162168617	0.129353233830846	0.138982593375405	0.186759131278741
2274.41992200000	0.138046333890614	0.106060606060606	0.136647693767924	0.194379042489384
2284.52002000000	0.0272271315978027	0.0438715513342379	0.138128055015965	0.129933372867190
2294.61010700000	0.0281824695486028	0.0474898236092266	0.138296373648085	0.0875848040186354
2304.70996100000	0.123716264628612	0.107643600180914	0.145094004641876	0.200325967492931
2314.81005900000	0.170527824217817	0.117367706919946	0.144057730883563	0.182754121788986
2324.90991200000	0.109863864342011	0.0520126639529625	0.120930359981274	0.120354943237863
2335.01001000000	0.0986386434201099	0.0474898236092266	0.107940307765360	0.132071120645925
2345.11010700000	0.0143300692620014	0.0590230664857531	0.157750026761398	0.0509401285513308
2355.20996100000	0			0.0119855269109000	0.141750329573969	0